0.0498		0.2415
0.7647		0.3793
0.971		0.3426
0.7287		0.4413
0.0695		0.4486
0.62		0.3417
0.4896		0.339
0.2253		0.34
0.3912		0.2189
0.0877		0.4261
0.1257		0.2326
0.5987		0.5562
0.0545		0.2593
0.6888		0.1981
0.5347		0.2533
0.7931		0.446
0.1849		0.4772
0.1067		0.4599
0.0972		0.2171
0.0877		0.3549
0.0202		0.2406
0.051		0.4138
0.0747		0.3801
0.0972		0.3231
0.0889		0.3232
0.0015		0.1739
0.0015		0.2766
0.2668		0.213
0.1034		0.3902
0.0714		0.2186
0.7808		0.2121
0.1312		0.3565
0.2322		0.0595
0.0707		0.2357
0.1629		0.3029
0.9257		0.2888
0.0177		0.3162
0.2395		0.4676
0		0.5625
0.0049		0.2717
0.6224		0.2852
0.1212		0.25
0.086		0.25
0.0455		0.32
0.5325		0.4167
0.0663		0.3946
0.2183		0.3846
0.8537		0.3039
0.1659		0.375
0.9231		0.2857
0.6426		0.3626
0.0154		0.219
0.013		0.251
0.0618		0.3583
0.9284		0.3856
0.4484		0.3992
0.4036		0.3462
0.4254		0.4889
0.7181		0.3021
0.1456		0.2889
0.95		0.2429
0.2482		0.2208
0.9192		0.2323
0.1495		0.2143
0.5772		0.2929
0.1103		0.2926
0.9669		0.3125
0.0411		0.3462
0.0531		0.4375
0.0459		0.2222
0.0362		0.3776
0.0607		0.246
0.5821		0.4938
0.7332		0.4167
0.7355		0.375
0.5272		0.2857
0.4433		0.2509
0.1849		0.2464
0.1771		0.4121
0.0594		0.4012
0.9808		0.6708
0.97		0.2427
0.0425		0.2857
0.094		0.4103
0.0838		0.2969
0.6638		0.2083
0.7974		0.4143
0.2188		0.2839
0.1848		0.2702
0.5719		0.465
0.4692		0.3535
0.0499		0.3529
0.2338		0.2227
0.1261		0.2622
0.0205		0.1746
0.8203		0.3077
0.7385		0.351
0.9231		0.3987
0.8442		0.2829
0.4421		0.2031
0.7778		0.3929
0.1491		0.3619
0.2202		0.3214
0.5433		0.2152
0.049		0.305
0.2754		0.2267
0.1812		0.3981
0.3174		0.3104
0.5646		0.4271
0.0353		0.268
0.117		0.4091
0.1418		0.2593
0.0024		0.3373
0.2123		0.3056
0.0024		0.2877
0.0071		0.2878
0.0047		0.3333
0.1376		0.2982
0.8916		0.3278
0.1355		0.4024
0.1309		0.3724
0.1262		0.4303
0.1272		0.3333
0.3408		0.2667
0.0059		0.3796
0.125		0.5507
0.1002		0.4296
0.0118		0.4089
0.106		0.3941
0.0106		0.1864
0.2188		0.3157
0.2474		0.5187
0.0495		0.3291
0.1508		0.4063
0.8969		0.3478
0.154		0.3889
0.1475		0.2222
0.1219		0.2308
0.4417		0.3281
0.6533		0.3083
0.6613		0.4573
0.0353		0.292
0.2533		0.3519
0.0442		0.2431
0.5712		0.2571
0.6618		0.4189
0.0604		0.2729
0.4345		0.3217
0.3941		0.3383
0.0912		0.3065
0.0265		0.25
0.0236		0.2842
0.028		0.4915
0.0236		0.2441
0.0206		0.4647
0.0192		0.4531
0.0221		0.2222
0.025		0.2328
0.6124		0.5376
0.0103		0.2222
0.0547		0.435
0.0576		0.3512
0.2851		0.3636
0.2142		0.625
0.0576		0.552
0.2083		0.6213
0.1004		0.6764
0.1195		0.4475
0		0.5847
0.1389		0.5119
0.0148		0.3864
0.0044		0.4167
0.0236		0.3173
0.2127		0.4815
0.0443		0.5714
0.0929		0.3808
0.2445		0.4306
0.2327		0.5071
0.257		0.525
0.7577		0.4803
0.0369		0.6042
0.0133		0.2525
0.2729		0.5536
0.1976		0.5888
0.1193		0.7566
0.5678		0.5204
0.0502		0.3854
0.2866		0.5256
0.3835		0.3452
0.0015		0.5006
0.3319		0.4115
0.5443		0.3554
0.6431		0.3823
0.7463		0.4551
0.1612		0.4833
0.0723		0.4177
0.0752		0.4852
0.5847		0.5067
0.941		0.5333
0.5965		0.2828
0.1991		0.45
0		0.5167
0.0147		0.5551
0.0148		0.5436
0.0118		0.6461
0.3186		0.6322
0.0502		0.8648
0.3338		0.5084
0.2574		0.4265
0		0.496
0.003		0.5391
0.2378		0.4005
0.1817		0.4974
0.0962		0.4457
0.0399		0.3095
0.3609		0.4422
0.2127		0.3247
0.2032		0.557
0.0974		0.4875
0.2482		0.398
0.2482		0.5876
0.2323		0.4417
0.2788		0.4441
0.09		0.5546
0.2596		0.4202
0.208		0.6189
0.2541		0.4714
0.6785		0.5386
0.2024		0.3544
0.0206		0.5
0.3131		0.5571
0.1684		0.3407
0.3575		0.45
0.056		0.4926
0.1581		0.4066
0.1755		0.4483
0.0162		0.3929
0.1108		0.3776
0.2876		0.4938
0.6824		0.3958
0.8881		0.3434
0.324		0.4812
0.3314		0.5914
0.0266		0.3854
0.433		0.4337
0.1165		0.4297
0.705		0.6635
0.0957		0.2778
0.243		0.5702
0.1985		0.3636
0.1252		0.4455
0.5243		0.513
0.0722		0.567
0.7118		0.6245
0.1593		0.5152
0.5258		0.5454
0.2493		0.3978
0.0546		0.4221
0.1711		0.4259
0		0.3342
0.7552		0.6667
0.0782		0.4772
0.3658		0.5893
0.1534		0.3921
0.1696		0.6168
0.0458		0.5408
0.3264		0.3951
0.2872		0.4107
0.2121		0.6181
0.6613		0.7306
0.0811		0.4667
0.2088		0.5385
0.0723		0.5804
0.4749		0.7437
0.3097		0.6039
0.0443		0.3546
0.1296		0.4515
0.0619		0.3462
0.0796		0.4091
0.0428		0.4077
0.2552		0.497
0.1224		0.3222
0.0251		0.5294
0.1445		0.49
0.2714		0.4476
0.1711		0.4727
0.2625		0.4737
0.0605		0.35
0.1211		0.2878
0.1078		0.4421
0.0295		0.4818
0.223		0.4636
0.1021		0.4491
0.1165		0.3333
0.1254		0.2717
0.1093		0.4177
0.0502		0.4788
0.0192		0.1875
0.0473		0.5617
0.1195		0.3939
0.0325		0.4872
0.4136		0.404
0.1578		0.3905
0.0103		0.5156
0.0619		0.4363
0.0118		0.3563
0.0118		0.455
0.0457		0.4954
0.0665		0.2667
0.0369		0.5582
0.0059		0.5611
0.0398		0.3287
0.0384		0.2679
0.003		0.3333
0.0354		0.4383
0.0133		0.5069
0.0782		0.5699
0.0192		0.4111
0.071		0.4396
0.0251		0.5125
0.034		0.5392
0.0399		0.3886
0		0.4219
0.0355		0.5695
0.0281		0.4074
0.0251		0.3667
0.0266		0.382
0.0222		0.2198
0		0.3235
0.1281		0.381
0.1853		0.3543
0.1542		0.4833
0.1747		0.4447
0.1513		0.3772
0.2129		0.6849
0.3069		0.5298
0.3015		0.5667
0.2662		0.7551
0.2364		0.3706
0.2056		0.3875
0.1953		0.6725
0.2173		0.5489
0.2059		0.5663
0.239		0.38
0.2185		0.5182
0.3559		0.4222
0.21		0.5235
0.2273		0.5211
0.6691		0.3455
0.7585		0.25
0		0.4352
0.8118		0.1477
0.7844		0.5307
0.4585		0.1556
0.3735		0.2308
0.7426		0.5397
0.8219		0.4518
0.9185		0.3131
0.4182		0.3609
0.2408		0.2292
0.7527		0.35
0.7599		0.2159
0.2033		0.3878
0.9575		0.1169
0.2293		0.0278
0.4831		0.2222
0.0058		0.2222
0.734		0.2448
0.1427		0.1795
0.6143		0.19
0.6215		0.2273
0.7541		0.2083
0.6532		0.2424
0.659		0.2
0.6619		0.1852
0.6446		0.2571
0.6417		0.2121
0.6388		0.0972
0.6518		0.3636
0.6921		0.0818
0.6979		0.303
0.8003		0.1719
0.8565		0.4398
0.5292		0.2957
0.6934		0.0992
0.7254		0.2007
0.3074		0.2392
0.7123		0.2159
0.3438		0.2915
0.0779		0.3794
0.0581		0.1973
0.0284		0.9439
0		0.4732
0.0043		0.5273
0		0.4583
0		0.7612
0		0.5289
0		0.8767
0.0014		0.5403
0		0.5214
0		0.7499
0.0585		0.4854
0.0585		0.4907
0.0586		0.8429
0.0586		0.5179
0.0529		0.6342
0.0586		0.5347
0.0585		0.7906
0.0557		0.8817
0.0584		0.5443
0.0557		0.5019
0.0585		0.4678
0.0613		0.4386
0.0586		0.4373
0.0558		0.5027
0.0557		0.5398
0.0557		0.4881
0.0586		0.4094
0.0558		0.894
0.0558		0.509
0.0558		0.5215
0.2029		0.5117
0.0558		0.365
0.0558		0.4025
0.0586		0.4924
0.0586		0.4622
0.0586		0.476
0.0501		0.5
0.0586		0.5223
0.0558		0.5345
0.0586		0.409
0.0587		0.4957
0.0614		0.494
0.0557		0.5799
0.0558		0.4841
0.0586		0.5479
0.0558		0.4762
0.0586		0.4844
0.0586		0.5432
0.0557		0.529
0.0614		0.5249
0.0558		0.8268
0.0557		0.5249
0.053		0.518
0.0558		0.5916
0.0558		0.6009
0.0585		0.5981
0.0585		0.6021
0.0556		0.4192
0.0557		0.4139
0.0557		0.5876
0.0586		0.6156
0.0556		0.4451
0.0556		0.5824
0.0556		0.529
0.0529		0.4831
0.0557		0.512
0.0613		0.505
0.0556		0.4701
0.0556		0.4084
0.0586		0.5488
0.0585		0.5172
0.0557		0.4898
0.0585		0.4892
0.0557		0.4647
0.0557		0.4171
0.0556		0.5176
0.0556		0.4953
0.0557		0.4562
0.0586		0.438
0.0613		0.4634
0.0613		0.4563
0.0585		0.4568
0.0557		0.5101
0.0585		0.497
0.0585		0.5411
0.0586		0.4382
0.0585		0.5047
0.0585		0.5942
0.0556		0.5822
0.0585		0.5282
0.0557		0.5493
0.0556		0.5048
0.0557		0.5084
0.0556		0.5391
0.0586		0.5676
0.0556		0.5647
0.0528		0.5581
0.0586		0.4717
0.0556		0.495
0.0557		0.4512
0.0585		0.8473
0.0585		0.5596
0.0585		0.5058
0.0586		0.562
0.0585		0.5815
0.0557		0.5849
0.0585		0.6119
0.0585		0.5908
0.0585		0.5907
0.0556		0.5253
0.0584		0.3404
0.0557		0.5838
0.0556		0.5758
0.0585		0.4014
0.0556		0.3431
0.0585		0.6278
0.0556		0.4843
0.0556		0.4618
0.0556		0.5876
0.0584		0.6469
0.0556		0.6246
0.0613		0.6144
0.0557		0.6434
0.1327		0.6288
0.0585		0.379
0.0556		0.6637
0.0557		0.4768
0.0585		0.2981
0.0586		0.3379
0.0557		0.5526
0.0557		0.35
0.0557		0.4946
0.1271		0.5601
0.1071		0.6502
0.0557		0.4668
0.0557		0.5793
0.0557		0.6448
0.0557		0.416
0.0557		0.4915
0.0574		0.3822
0.0574		0.5016
0.0573		0.4957
0.1856		0.4818
0.1894		0.4812
0.0676		0.3638
0.0631		0.4088
0.0573		0.3931
0.0632		0.4079
0.1515		0.614
0.0734		0.4938
0.1968		0.4261
0.0676		0.4206
0.0603		0.4065
0.0544		0.3508
0.0882		0.4155
0.0749		0.4024
0.0707		0.3818
0.069		0.4501
0.0764		0.3542
0.0602		0.4144
0.0822		0.4022
0.075		0.3545
0.0809		0.3855
0.0573		0.3404
0.0735		0.3916
0.0603		0.3819
0.0632		0.4032
0.0705		0.3564
0.0618		0.3669
0.0602		0.3987
0.0573		0.3995
0.0573		0.3535
0.0603		0.3752
0.0575		0.3912
0.0604		0.455
0.0605		0.4568
0.1782		0.6234
0.0574		0.3884
0.0605		0.3514
0.0575		0.3333
0.1873		0.5917
0.1856		0.6139
0.0575		0.3622
0.0604		0.3697
0.0574		0.3789
0.0574		0.4018
0.0575		0.3443
0.0604		0.3849
0.0603		0.3514
0.0575		0.4029
0.0633		0.3191
0.0633		0.397
0.0574		0.4072
0.0575		0.3906
0.1414		0.6186
0.0604		0.436
0.1443		0.5898
0.0574		0.358
0.1534		0.6149
0.1475		0.667
0.0604		0.3996
0.0574		0.3855
0.137		0.6823
0.0604		0.4433
0.0604		0.4556
0.0575		0.4225
0.0604		0.4089
0.0575		0.4577
0.0604		0.4083
0.0604		0.4176
0.0575		0.413
0.0605		0.4332
0.0574		0.4816
0.0575		0.4233
0.1605		0.7061
0.0604		0.4403
0.0546		0.4654
0.0604		0.435
0.0605		0.4748
0.0574		0.4627
0.0605		0.4877
0.0605		0.4498
0.0605		0.4362
0.0605		0.4008
0.0574		0.5404
0.0604		0.4603
0.0605		0.4871
0.0574		0.4368
0.0604		0.4527
0.0574		0.4393
0.2802		0
0.0604		0.4086
0.0574		0.4544
0.0633		0.4306
0.0605		0.4557
0.0604		0.4081
0.0574		0.5599
0.0574		0.4285
0.0546		0.4604
0.0574		0.4438
0.0604		0.4486
0.1608		0.526
0.0604		0.4627
0.0605		0.4277
0.0574		0.4286
0.0574		0.4441
0.0604		0.3973
0.0574		0.3975
0.0605		0.4162
0.0604		0.4237
0.0633		0.4417
0.0574		0.4668
0.0604		0.387
0.1443		0.646
0.0575		0.4293
0.0605		0.4294
0.0605		0.4709
0.0575		0.4716
0.0633		0.4272
0.0604		0.4401
0.0574		0.3901
0.0603		0.4063
0.0604		0.4707
0.2872		0
0.0604		0.5007
0.0575		0.4319
0.0574		0.4657
0.0546		0.4562
0.0575		0.4636
0.0574		0.4594
0.0605		0.4508
0.0574		0.4654
0.0604		0.4893
0.0604		0.4932
0.0633		0.4422
0.1885		0.5883
0.0605		0.5003
0.0575		0.464
0.0574		0.4111
0.0574		0.4405
0.0604		0.4934
0.0574		0.4331
0.0604		0.4325
0.0604		0.4336
0.0604		0.4182
0.1915		0.5314
0.0574		0.468
0.0574		0.4771
0.0604		0.4235
0.0604		0.41
0.0575		0.473
0.0604		0.5253
0.0545		0.4644
0.2165		0.5246
0.0574		0.4595
0.0574		0.4926
0.0574		0.4495
0.2194		0.5399
0.0546		0.4678
0.0604		0.4516
0.0574		0.5008
0.0575		0.5054
0.0575		0.4565
0.0604		0.4121
0.0604		0.413
0.0604		0.4569
0.2168		0.4769
0.0605		0.42
0.0575		0.451
0.0605		0.4975
0.0604		0.4858
0.0605		0.4369
0.0604		0.4291
0.0605		0.4322
0.0604		0.388
0.0605		0.4572
0.0604		0.4663
0.0604		0.4317
0.0605		0.4724
0.1237		0.3965
0.1252		0.3669
0.0603		0.4818
0.1164		0.3961
0.1177		0.4201
0.1265		0.3394
0.1309		0.3685
0.1221		0.4075
0.1001		0.399
0.0941		0.4587
0.0896		0.4759
0.1279		0.3952
0.1075		0.4571
0.0044		0.8487
0.003		0.4692
0		0.5232
0.0014		0.489
0.0189		0.8856
0.2437		0.5204
0.2861		0.4331
0.279		0.3787
0.2581		0.395
0.2761		0.4951
0.2695		0.4556
0.3001		0.5601
0.2917		0.5734
0.2893		0.572
0.7107		0.4347
0.6097		0.3151
0.4897		0.6457
0.3034		0.2143
0.8395		0.265
0.2485		0.4167
0.5882		0.15
0.8532		0.4375
0.85		0.25
0.5552		0.5
0.8895		0.25
0.1458		0.52
0.8177		0.4
0.2035		0.4815
0.5921		0.3333
0.8838		0.2857
0.9146		0.3333
0.9057		0.35
0.1959		0.625
0.2312		0.4
0.8557		0.2667
0.6259		0.32
0.8601		0.375
0.7393		0.25
0.4683		0.4
0.2599		0.3333
0.8118		0.3333
0.7603		0.25
0.1856		0.3333
0.732		0.5
0.0928		0.375
0.8026		0.5
0.4728		0.3929
0.4757		0.5758
0.9087		0.4286
0.9515		0.7208
0.8073		0.3333
0.6985		0.3571
0.4728		0.575
0.9602		0.48
0.1593		0.3571
0.2298		0.4333
0.7202		0.2
0.7227		0.15
0.8645		0.5556
0.8304		0.15
0.7894		0.5
0.9808		0.4
0.5567		0.25
0.8612		0.5278
0.4602		0.5429
0.4381		0.4667
0.4498		0.6191
0.9144		0.2
0.4439		0.4667
0.8778		0.4667
0.4433		0.3438
0.8468		0.4333
0.215		0.45
0.4521		0.4896
0.9765		0.4286
0.3809		0.5952
0.4456		0.55
0.7158		0.4286
0.8809		0.2
0.1735		0.2917
0.1723		0.3667
0.4397		0.65
0.1134		0.5938
0.3118		0.5357
0.4397		0.525
0.3412		0.5143
0.7985		0.2
0.2047		0.4667
0.0207		0.3825
0.0015		0.5673
0.0296		0.459
0.0296		0.4103
0.0266		0.3333
0.0739		0.6281
0.9816		0.2244
0.0325		0.3287
0.0325		0.4457
0.031		0.4326
0.0325		0.3421
0.0325		0.3739
0.0353		0.3917
0.0325		0.3643
0.0383		0.2
0.0353		0.4074
0.0651		0.3391
0.0459		0.5167
0.0532		0.4444
0.223		0.5347
0.3378		0.5357
0.2385		0.4509
0.2448		0.25
0.2603		0.3
0.3091		0.3818
0.2318		0.3248
0.0743		0.4199
0.1484		0.4902
0.9164		0.3172
0.9164		0.3864
0.9164		0.3681
0.9164		0.399
0.9151		0.3442
0.9148		0.5317
0.915		0.5947
0.9091		0.6445
0.9135		0.2911
0.9106		0.4886
0.9106		0.4944
0.9135		0.3251
0.9106		0.5046
0.9106		0.405
0.9106		0.4155
0.9091		0.3099
0.9076		0.4194
0.9063		0.4603
0.9047		0.3333
0.9048		0.3182
0.9019		0.3492
0.9004		0.4571
0.9004		0.4219
0.9003		0.2813
0.9003		0.3929
0.9032		0.275
0.8974		0.42
0.0445		0.1439
0.4019		0.7516
0.4976		0.4675
0.2853		0.3218
0.2705		0.197
0.4339		0.5292
0.9923		0.1484
0.5624		0.2902
0.0389		0.25
0.0735		0.2569
0.2661		0.2261
0.8835		0.3333
0.5982		0.2355
0.882		0.2727
0.7628		0.2552
0.4031		0.3303
0.5691		0.3214
0.9061		0.4634
0.6371		0.2874
0.1419		0.4911
0.6696		0.4444
0.776		0.3038
0.1215		0.3025
0.1454		0.5268
0.4538		0.3487
0.8842		0.375
0.7979		0.3383
0.8617		0.2917
0.4556		0.1786
0.6698		0.4722
0.4468		0.375
0.8793		0.3889
0.6686		0.2041
0.4402		0.4722
0.0853		0.4286
0.8852		0.2556
0.2237		0.36
0.1429		0.4133
0.9031		0.3128
0.0591		0.303
0.1572		0.1984
0.5936		0.3951
0.8331		0.3496
0.0627		0.32
0.845		0.2556
0.6584		0.3852
0.6631		0.25
0.4085		0.2546
0.3806		0.3769
0.6052		0.2361
0.0783		0.2571
0.6311		0.4394
0.3389		0.2222
0.8805		0.4336
0.7033		0.3056
0.7917		0.3498
0.9196		0.2778
0.4355		0.2333
0.0638		0.275
0.2518		0.2091
0.1385		0.3333
0.0758		0.2868
0.1532		0.4
0.1232		0.3611
0.0615		0.3659
0.7385		0.4159
0.6386		0.2045
0.8639		0.3141
0.6402		0.3
0.1396		0.4
0.734		0.25
0.706		0.2941
0.1765		0.4018
0.0284		0.254
0.1837		0.3401
0.7811		0.3723
0.0355		0.3036
0.9443		0.3111
0.3314		0.1667
0.5065		0.4583
0.4326		0.284
0.519		0.2444
0.013		0.485
0.0036		0.2444
0.0095		0.5083
0.0036		0.3426
0.0319		0.4937
0.0426		0.4625
0.0532		0.3333
0.805		0.2333
0.1116		0.3462
0.8566		0.1136
0.8982		0.25
0.2227		0.26
0.4007		0.2188
0.1688		0.2031
0.9585		0.2182
0.4686		0.1406
0.6026		0.2143
0.305		0.2589
0.368		0.3232
0.9764		0.3636
0.028		0.2762
0.2813		0.5582
0.6333		0.2778
0.031		0.3333
0.0841		0.1571
0.3024		0.3333
0.0325		0.2143
0.712		0.3929
0.0414		0.3036
0.0251		0.2988
0.76		0.3232
0.9377		0.2222
0.8619		0.3267
0.4622		0.3232
0.0415		0.45
0.679		0.3258
0.7204		0.35
0.2982		0.7193
0.6973		0.2286
0.075		0.3567
0.8111		0.3536
0.431		0.3175
0.4327		0.4271
0.0693		0.3769
0.8667		0.2418
0.3321		0.4444
0.2461		0.4795
0.3539		0.4396
0.177		0.3391
0.3609		0.2917
0.7215		0.328
0.457		0.3929
0.2482		0.5701
0.9795		0.2778
0.7871		0.3409
0.6316		0.2222
0.8818		0.5852
0.3004		0.4293
0.0486		0.6004
0.8191		0.3893
0.1426		0.3552
0.1103		0.2899
0.969		0.2216
0.2441		0.2292
0.0676		0.3726
0.6289		0.2083
0.472		0.3
0.9706		0.2159
0.6777		0.2143
0.2101		0.2899
0.8659		0.2
0.1995		0.2587
0.3225		0.2596
0.0519		0.45
0.0629		0.3647
0.8277		0.3162
0.301		0.3571
0.9575		0.3058
0.8311		0.4148
0.6464		0.34
0.307		0.359
0.0765		0.2917
0.4721		0.3167
0.699		0.2208
0.1129		0.3647
0.48		0.2083
0.0722		0.4333
0.1471		0.6458
0.5638		0.2467
0.8407		0.4733
0.242		0.3091
0.8903		0.3214
0.6561		0.3333
0.6009		0.3056
0.8371		0.2857
0.7515		0.5022
0.2165		0.2346
0.441		0.3636
0.4785		0.1893
0.8967		0.3675
0.9213		0.2778
0.7438		0.3818
0.2512		0.4
0.1182		0.2756
0.4754		0.2917
0.4261		0.3636
0.6761		0.34
0.3911		0.2727
0.1244		0.2308
0.8485		0.2727
0.7651		0.2597
0.7589		0.3254
0.7789		0.275
0.7217		0.309
0.4938		0.3654
0.7694		0.0781
0.5318		0.2955
0.9835		0.2222
0.6572		0.4412
0.8502		0.4273
0.7944		0.2778
0.9083		0.3
0.8479		0.3278
0.6696		0.2469
0.8269		0.4318
0.6313		0.2
0.6706		0.3827
0.4595		0.2667
0.2931		0.3631
0.9808		0.2139
0.8542		0.2
0.8792		0.2381
0.9029		0.4364
0.4913		0.3175
0.5947		0.2975
0.4351		0.3999
0.8812		0.2436
0.8789		0.1286
0.6483		0.3452
0.4105		0.2556
0.8399		0.3392
0.7665		0.3214
0.458		0.2593
0.8443		0.1591
0.8012		0.1901
0.301		0.3
0.5448		0.5086
0.5205		0.4621
0.5308		0.3151
0.3348		0.5225
0.0704		0.5594
0.5792		0.7257
0.0293		0.4643
0.0147		0.2714
0.1909		0.2562
0.8763		0.4111
0.0809		0.5323
0.4978		0.4044
0.9632		0.5258
0.5412		0.5462
0.5926		0.25
0.45		0.4487
0.1437		0.5921
0.3006		0.5556
0.1836		0.494
0.1189		0.6357
0.2309		0.4697
0.2335		0.6571
0.3515		0.6496
0.4632		0.6282
0.4485		0.2727
0.4537		0.2909
0.2742		0.5526
0.456		0.3018
0.0513		0.3431
0.0852		0.2591
0.8147		0.1569
0.4865		0.3987
0.7618		0.437
0.0898		0.4444
0.8706		0.2742
0.3171		0.2689
0.2227		0.4024
0.7345		0.311
0.5206		0.275
0.6478		0.2801
0.8897		0.5466
0.1239		0.2657
0.7305		0.2727
0.0291		0.1556
0.1086		0.4282
0.3101		0.276
0.1324		0.302
0.1395		0.3905
0.66		0.3939
0.2018		0.2
0.2241		0.2273
0.1608		0.2353
0.3962		0.3205
0.9008		0.3456
0.2231		0.6474
0.0354		0.4224
0.3613		0.4883
0.1076		0.7306
0.1901		0.7126
0.3353		0.7018
0.2054		0.5218
0.1064		0.5904
0.2305		0.5537
0.0862		0.5563
0.1123		0.3623
0.2057		0.5961
0.0673		0.4375
0.3459		0.6429
0.4569		0.2781
0.5534		0.2733
0.7482		0.3316
0.9324		0.2045
0.6643		0.3083
0.4763		0.256
0.9846		0.5347
0.7941		0.2349
0.7094		0.2056
0.6552		0.2597
0.671		0.2308
0.5521		0.2083
0.7618		0.3155
0.6465		0.2663
0.7101		0.2028
0.7595		0.3231
0.7156		0.4816
0.0924		0.256
0.0699		0.3647
0.263		0.3333
0.7228		0.284
0.065		0.3111
0.271		0.3571
0.0544		0.3155
0.0947		0.3131
0.3785		0.3709
0.646		0.3278
0.6667		0.375
0.6647		0.5221
0.879		0.2448
0.1029		0.2963
0.2303		0.5855
0.8127		0.375
0.239		0.4095
0.5613		0.2941
0.8304		0.6061
0.1213		0.3595
0.5504		0.7354
0.5716		0.7529
0.9561		0.5
0.3319		0.605
0.2544		0.4086
0.4589		0.3526
0.3965		0.5371
0.4047		0.6534
0.4091		0.5249
0.4018		0.6413
0.412		0.4259
0.2478		0.4056
0.1906		0.6254
0.4106		0.5702
0.4047		0.6804
0.4141		0.3
0.4097		0.6357
0.4067		0.6806
0.4106		0.6543
0.4164		0.6094
0.4158		0.5318
0.4106		0.6722
0.0616		0.4653
0.4531		0.5849
0.4164		0.6387
0.3827		0.3618
0.4217		0.5882
0.4472		0.6833
0.39		0.6546
0.442		0.5667
0.4493		0.6756
0.4185		0.4952
0.3123		0.6429
0.4223		0.7479
0.3642		0.5758
0.2889		0.5513
0.3573		0.415
0.3756		0.6111
0.972		0.5529
0.5369		0.3377
0.3137		0.3247
0.8088		0.5245
0.8473		0.3122
0.931		0.2727
0.3877		0.2367
0.3187		0.35
0.8471		0.2656
0.2863		0.3667
0.8943		0.3526
0.9456		0.2933
0.5074		0.3208
0.9546		0.2788
0.6456		0.2954
0.3495		0.2387
0.0088		0.3889
0.0206		0.4929
0.3348		0.1736
0.0441		0.3788
0.2794		0.2174
0.8766		0.2668
0.2258		0.3222
0.195		0.4653
0.0602		0.2807
0.0997		0.2056
0.325		0.3972
0.3442		0.5
0.5162		0.5454
0.5841		0.3
0.8909		0.5436
0.3685		0.2865
0.4922		0.4497
0.0843		0.5322
0.3089		0.329
0.0547		0.5896
0.1316		0.227
0.4272		0.2204
0.3743		0.25
0.0575		0.4254
0.0605		0.4727
0.0447		0.3365
0.0374		0.4103
0.0434		0.3216
0.0519		0.2667
0.0856		0.4141
0.8123		0.4063
0.6839		0.1
0.4353		0.3846
0.8076		0.2339
0.8468		0.3967
0.1456		0.4725
0.1106		0.4945
0		0.5366
0.0012		0.487
0.0024		0.3889
0.0107		0.3386
0.0166		0.3182
0.0071		0.2513
0.0083		0.1272
0.0107		0.3567
0.0071		0.2097
0.0071		0.4508
0.0047		0.3604
0.0024		0.306
0		0.2083
0		0.303
0.0024		0.4145
0.0047		0.399
0		0.325
0.0338		0.2955
0.0302		0.3309
0.0161		0.3636
0		0.3083
0.0024		0.288
0.1035		0.4309
0.0369		0.3613
0.2055		0.33
0.105		0.425
0.3119		0.4958
0.809		0.5908
0.7507		0.6098
0.8204		0.2917
0.3945		0.5831
0.793		0.5629
0.5802		0.4626
0.5641		0.2778
0.5604		0.6094
0.4927		0.5095
0.4621		0.5731
0.4898		0.583
0.5846		0.456
0.4061		0.5236
0.4433		0.5238
0.5583		0.4368
0.5051		0.4485
0.5313		0.4762
0.5196		0.5706
0.5429		0.3925
0.5321		0.3599
0.5204		0.624
0.5088		0.4231
0.5058		0.5221
0.4026		0.5012
0.7699		0.2727
0.4302		0.3214
0.2485		0.34
0.0648		0.3838
0.1127		0.3
0.3113		0.2109
0.1602		0.4133
0.2736		0.3285
0.3994		0.2579
0.3389		0.3313
0.6224		0.4408
0.3181		0.9275
0.4212		0.2222
0.1119		0.5295
0.8015		0.6124
0.6637		0.6018
0.816		0.555
0.0782		0.0368
0.65		0.45
0.7437		0.5735
0.3613		0.3155
0.7689		0.5621
0.6763		0.4891
0.6206		0.4846
0.738		0.5098
0.9445		0.5571
0.8		0.3462
0.4599		0.6389
0.4846		0.3875
0.3431		0.43
0.6162		0.3158
0.2979		0.4967
0.5081		0.3611
0.3603		0.5662
0.6544		0.3064
0.5302		0.4035
0.5794		0.4034
0.2279		0.5251
0.6401		0.4542
0.6427		0.6414
0.6348		0.6116
0.0872		0.5709
0.6435		0.4753
0.6775		0.5487
0.4513		0.4327
0.5228		0.548
0.6622		0.54
0.7709		0.4583
0.5809		0.3274
0.3112		0.4963
0.4177		0.4466
0.4144		0.5793
0.559		0.4491
0.3373		0.5256
0.8436		0.4388
0.8494		0.5524
0.6995		0.4136
0.6552		0.433
0.9256		0.6685
0.7814		0.516
0.616		0.4353
0.2528		0.25
0.3622		0.1723
0.8796		0.2356
0.7848		0.175
0.1494		0.3131
0.7516		0.2
0.7232		0.2593
0.7101		0.3333
0.9401		0.3542
0.7718		0.2333
0.6485		0.281
0.7445		0.3636
0.3545		0.1827
0.1885		0.25
0.914		0.3788
0.0842		0.2597
0.51		0.2641
0.2439		0.3385
0.8234		0.3149
0.4721		0.3436
0.5337		0.3131
0.2614		0.4619
0.8693		0.3977
0.6701		0.25
0.8664		0.25
0.7507		0.4394
0.4144		0.5792
0.9897		0.4462
0.4956		0.3667
0.7861		0.3485
0.7939		0.2734
0.5886		0.2361
0.6166		0.175
0.3886		0.3265
0.4088		0.2333
0.7621		0.3901
0.6627		0.3333
0.6937		0.2525
0.6014		0.2384
0.6304		0.2625
0.3623		0.2051
0.5235		0.2372
0.9383		0.4062
0.7729		0.2
0.1247		0.2424
0.1596		0.3487
0.1007		0.4368
0.625		0.3223
0.2026		0.303
0.178		0.2273
0.6194		0.2421
0.1715		0.2645
0.3529		0.24
0.8297		0.2361
0.3352		0.2975
0.8809		0.3333
0.3358		0.2436
0.26		0.4
0.7434		0.0926
0.187		0.2738
0.8194		0.2299
0.2393		0.3061
0.758		0.2868
0.6623		0.27
0.3294		0.2182
0.5627		0.301
0.8799		0.1932
0.9411		0.2143
0.5719		0.2188
0.73		0.1806
0.5352		0.3568
0.3564		0.3375
0.3304		0.2704
0.3206		0.302
0.7882		0.3214
0.2912		0.4055
0.5678		0.256
0.1549		0.7052
0.3002		0.5993
0.1324		0.4776
0.3061		0.4988
0.2801		0.5861
0.2778		0.5359
0.2801		0.4267
0.1265		0.4954
0.292		0.4779
0.1336		0.4563
0.1182		0.5385
0.2825		0.6026
0.2884		0.3707
0.1088		0.5339
0.1277		0.5556
0.2872		0.3972
0.1064		0.5605
0.1111		0.3971
0.2991		0.3333
0.3026		0.5042
0.2991		0.5644
0.2967		0.563
0.2908		0.398
0.0969		0.5196
0.3917		0.4882
0.4346		0.6698
0.4804		0.6469
0.264		0.592
0.2178		0.5255
0.212		0.6234
0.1053		0.5469
0.1194		0.6563
0.0827		0.6904
0.1183		0.42
0.0768		0.5745
0.1703		0.3214
0.0323		0.273
0.0896		0.6448
0.0012		0.2673
0.013		0.2661
0.0188		0.3275
0.013		0.4195
0		0.3853
0		0.4897
0		0.6154
0		0.5619
0		0.5636
0		0.6368
0.0023		0.15
0.0754		0.3654
0.0035		0.4677
0.0462		0.4286
0.0024		0.359
0.0366		0.4382
0.0261		0.433
0.0071		0.2619
0.2835		0.475
0.2324		0.592
0.109		0.4632
0.9846		0.5031
0.7456		0.3352
0.8331		0.4844
0.0508		0.3555
0.4949		0.4211
0.2094		0.7878
0.1504		0.5913
0.5927		0.3776
0.0609		0.3316
0.0593		0.5385
0.1876		0.4188
0.2171		0.2969
0.3269		0.6667
0.1391		0.3214
0.0341		0.3636
0.0325		0.4167
0.0355		0.3385
0.0296		0.2525
0.5546		0.0682
0.1439		0.375
0.2638		0.287
0.3436		0.5227
0.7167		0.1
0.091		0.4615
0.2289		0.6335
0.8588		0.5833
0.6517		0.4768
0.6217		0.8011
0.8882		0.3299
0.1941		0.4775
0.4564		0.5457
0.2537		0.2153
0.7777		0.24
0.6011		0.2267
0.6283		0.1198
0.6568		0.4514
0		0.4959
0		0.4993
0		0.3686
0.7694		0.5097
0		0.2706
0		0.4206
0		0.4583
0		0.4022
0		0.4771
0		0.4503
0.4576		0.3646
0.0948		0.5306
0.2672		0.6539
0.8651		0.3419
0.5169		0.3616
0.971		0.5
0.4967		0.254
0.9337		0.2391
0.0216		0.3238
0.0931		0.6088
0.2143		0.1814
0.2587		0.4965
0.071		0.2867
0.0133		0.5373
0.405		0.5099
0.1227		0.303
0.2675		0.563
0.2344		0.4463
0.0894		0.5718
0.2241		0.448
0.3995		0.2042
0.6319		0.4816
0.3621		0.4667
0.104		0.4495
0.9905		0.3
0.4107		0.265
0.6785		0.3583
0.9314		0.3445
0.8357		0.2349
0.1102		0.4322
0.6613		0.5189
0.783		0.4545
0.7551		0.4394
0.5191		0.4333
0.0521		0.2315
0.9236		0.3455
0.5738		0.4931
0.6505		0.4022
0.0787		0.3333
0.3632		0.5059
0.1233		0.4881
0.1673		0.3965
0.7127		0.2361
0.5685		0.6036
0.4146		0.2875
0.9952		0.1868
0.3915		0.3095
0.7418		0.2546
0.3614		0.4952
0.2786		0.5449
0.8136		0.2778
0.0896		0.1909
0.9203		0.224
0.0255		0.7209
0.5543		0.0714
0.3913		0.45
0.6794		0.375
0.8235		0.2361
0.6941		0.3636
0.7338		0.175
0.7265		0.3194
0.9243		0.3979
0.7467		0.4954
0.5243		0.3571
0.6162		0.2857
0.6		0.325
0.4838		0.2528
0.6662		0.2988
0.1838		0.2341
0.6441		0.3025
0.4129		0.3333
0.41		0.27
0.3503		0.4483
0.8855		0.7718
0.9266		0.394
0.9279		0.4333
0.0133		0.2798
0.4014		0.2197
0.6637		0.2057
0.9295		0.3317
0.1085		0.2715
0.4823		0.1962
0.3687		0.4444
0.8687		0.375
0.5184		0.7328
0.9292		0.5632
0.5919		0.5264
0.9277		0.4427
0.3928		0.6321
0.7406		0.2308
0.0345		0.4276
0.5089		0.5035
0.5867		0.6763
0.2817		0.4231
0.1201		0.4091
0.6324		0.5598
0.0906		0.6521
0.4126		0.6179
0.2243		0.3933
0.0485		0.83
0.0826		0.5232
0.075		0.5496
0.0736		0.4205
0.1075		0.4524
0.0721		0.3213
0.0662		0.5441
0.1441		0.4289
0.1294		0.4074
0.0559		0.6154
0.0279		0.2308
0.1057		0.4378
0.3025		0.5048
0.4368		0.5577
0.7446		0.3416
0.4095		0.4315
0.7331		0.453
0.7831		0.497
0.2917		0.5747
0.1638		0.571
0.2984		0.4529
0.1825		0.5226
0.7471		0.5223
0.6327		0.4326
0.208		0.6241
0.1621		0.5757
0.1621		0.676
0.7736		0.6541
0.3669		0.3977
0.458		0.5556
0.9411		0.4052
0.069		0.3848
0.7094		0.4388
0.7772		0.6338
0.2278		0.548
0.013		0.3269
0.013		0.2931
0.013		0.4053
0.0115		0.3722
0.0216		0.4102
0.0216		0.5913
0.0188		0.3611
0.0072		0.3452
0.0291		0.3471
0.0218		0.461
0.0072		0.3982
0.0218		0.5188
0.0073		0.3219
0.0189		0.412
0.0131		0.22
0.0277		0.3736
0.0131		0.3939
0.0146		0.3472
0.0073		0.3229
0.0131		0.3905
0.9685		0.5185
0.0931		0.3576
0.6005		0.5909
0.4657		0.3636
0.6733		0.4208
0.405		0.5489
0.4275		0.587
0.7		0.7341
0.6451		0.4
0.5373		0.6836
0.4686		0.6823
0.8724		0.8888
0.1536		0.4417
0.0795		0.4749
0.2227		0.3444
0.1047		0.6061
0.1738		0.6078
0.1226		0.4444
0.109		0.2619
0.1431		0.3636
0.1359		0.5217
0.6785		0.6703
0.117		0.3534
0.7991		0.43
0.1147		0.4212
0.1399		0.7074
0.19		0.583
0.19		0.6383
0.2106		0.4029
0.6305		0.707
0.6994		0.487
0.6906		0.4529
0.7067		0.4187
0.7797		0.6903
0.6535		0.4664
0.7273		0.7558
0.6417		0.5225
0.4985		0.4386
0.5052		0.4386
0.1162		0.6346
0.2183		0.5844
0.2371		0.5129
0.2068		0.6352
0.223		0.4658
0.1209		0.6086
0.1374		0.5785
0.2047		0.6736
0.1195		0.5322
0.2935		0.4511
0.1313		0.411
0.3115		0.2639
0.0766		0.449
0.3132		0.4286
0.3074		0.4627
0.4611		0.1852
0.8226		0.4727
0.1586		0.4167
0.2144		0.1625
0.6195		0.4444
0.4787		0.47
0.5515		0.6509
0.539		0.6373
0.2887		0.3393
0.3338		0.3818
0.3853		0.4593
0.4632		0.4259
0.4324		0.2778
0.45		0.6919
0.3756		0.4667
0.3808		0.4135
0.0354		0.4545
0.1684		0.2642
0.2401		0.3929
0.5609		0.3148
0.9102		0.7524
0.966		0.3956
0.7322		0.4495
0.644		0.2431
0.0673		0.6044
0.2757		0.1905
0.8975		0.3254
0.7771		0.3
0.6576		0.5324
0.0791		0.417
0.5074		0.3566
0.4402		0.2202
0.0619		0.3864
0.5041		0.5257
0.0192		0.2909
0.2661		0.1111
0.2779		0.4545
0.1863		0.399
0.2306		0.4286
0.0369		0.3726
0.1508		0.5
0.9534		0.4242
0.1936		0.5584
0.1478		0.3036
0.1183		0.4211
0.1596		0.4167
0.235		0.4299
0.0591		0.3625
0.0236		0.5464
0.507		0.5185
0.1641		0.5364
0.1626		0.3862
0.1641		0.3688
0.1493		0.4129
0.5647		0.452
0.3917		0.4569
0.1818		0.5525
0.6031		0.3901
0.3208		0.3641
0.1523		0.4
0.3237		0.536
0.0047		0.2639
0.7325		0.25
0.0024		0.2632
0		0.2222
0		0.1746
0.1657		0.2698
0.0059		0.6587
0.0047		0.2803
0.0047		0.3864
0.0213		0.1818
0.0284		0.2042
0.8475		0.2121
0.0721		0.2917
0.0592		0.2273
0.0415		0.1875
0.3112		0.1569
0.0237		0.4271
0.3345		0.152
0.5035		0.24
0.3794		0.3778
0.0746		0.3333
0.129		0.4479
0.9361		0.5318
0.6773		0.3333
0.0279		0.2895
0.4672		0.57
0.5839		0.563
0.3018		0.3889
0.3002		0.6783
0.1202		0.4205
0.0509		0.2451
0.2206		0.5389
0.0107		0.4647
0.0047		0.5625
0.0047		0.4377
0.0047		0.4121
0.895		0.2045
0.6972		0.6818
0.345		0.4639
0.1489		0.4927
0.1103		0.48
0.3241		0.5368
0.9269		0.4313
0.6405		0.4622
0.1474		0.4978
0.8158		0.2763
0.294		0.5734
0.9173		0.4479
0.9834		0.5347
0.7612		0.483
0.4634		0.416
0.8135		0.7273
0.5484		0.4
0.2874		0.4872
0.1792		0.5602
0.2771		0.6539
0.3123		0.5243
0.5059		0.7059
0.1779		0.5755
0.2669		0.6813
0.3997		0.624
0.5712		0.5621
0.721		0.6
0.8429		0.696
0.2258		0.5833
0.4032		0.3026
0.3979		0.4632
0.3142		0.5778
0.3965		0.5176
0.0308		0.5497
0.0337		0.5278
0.0308		0.602
0.0308		0.5145
0.4436		0.6222
0.2346		0.5591
0.0322		0.559
0.1912		0.3862
0.3632		0.5053
0.7691		0.6042
0.3515		0.4463
0.5397		0.6414
0.2015		0.5152
0.35		0.5109
0.3662		0.3906
0.2118		0.4554
0.2132		0.3287
0.2015		0.5904
0.1162		0.6781
